# x y1 y2
0.000000000000000000e+00 -4.377521264415689534e-02 -3.840556448394116112e-02
1.001001001001000992e-02 8.624138561772257128e-02 6.121151816732546547e-02
2.002002002002001985e-02 3.863461342484229150e-02 4.860958654976223897e-02
3.003003003003002977e-02 -2.317232092387671097e-02 1.371784801391399966e-02
4.004004004004003969e-02 6.389648421292196123e-02 -1.477141097753703614e-02
5.005005005005004615e-02 -3.800723193532593025e-02 -1.116904249430679744e-02
6.006006006006005954e-02 -5.970637291043830869e-02 -2.285584280010046626e-02
7.007007007007007293e-02 4.422620569222421999e-02 -1.968937475411576890e-02
8.008008008008007939e-02 7.220095093934286723e-02 -9.036050939767626897e-03
9.009009009009008584e-02 3.050067738700159778e-02 -8.681013679940107267e-03
1.001001001001000923e-01 -9.165250684643169721e-02 -1.849040943061045980e-02
1.101101101101101126e-01 8.647034273519640935e-02 -3.103440335021589308e-02
1.201201201201201191e-01 -1.873151837668567132e-02 2.455013803502647477e-03
1.301301301301301394e-01 8.637639594539664803e-03 7.928076125400000326e-03
1.401401401401401459e-01 4.966493682458140296e-02 2.097771784819798396e-02
1.501501501501501523e-01 -5.457214061141715117e-03 3.903340370787917318e-02
1.601601601601601588e-01 2.580955688832892864e-02 -5.468744602898884671e-02
1.701701701701701652e-01 8.298984849846982592e-02 7.141059448025597473e-03
1.801801801801801717e-01 1.401996925542540497e-02 -4.287617928438837434e-02
1.901901901901901781e-01 -8.086968628443945428e-02 -7.185089633758592886e-03
2.002002002002001846e-01 6.033835073489884904e-02 -4.621895063689796662e-02
2.102102102102102188e-01 -2.307753736385241214e-02 4.357395903507240570e-02
2.202202202202202252e-01 7.708548329831127477e-02 2.024589230133824053e-02
2.302302302302302317e-01 1.164549181221030509e-02 -1.486352537762520784e-02
2.402402402402402382e-01 -4.943334675449317234e-02 -2.329172129610796935e-02
2.502502502502502724e-01 -1.351357694501854369e-02 2.530452955667824699e-03
2.602602602602602788e-01 2.268806708911568631e-02 -1.650423148078548202e-02
2.702702702702702853e-01 9.951064407908855047e-02 2.566946556620523789e-02
2.802802802802802917e-01 -2.232179416593437285e-02 1.138049461841822950e-02
2.902902902902902982e-01 -4.668182685947037946e-02 3.629212444575707214e-02
3.003003003003003046e-01 5.944503202605783132e-02 -3.403403263650572191e-02
3.103103103103103111e-01 1.160780629411943717e-02 -3.281696012715439037e-02
3.203203203203203175e-01 -4.763019633696521926e-02 7.831788236825269756e-02
3.303303303303303240e-01 -4.029655168297353873e-02 7.741369790966144693e-03
3.403403403403403304e-01 4.465214521881908510e-02 1.779065146035673645e-02
3.503503503503503369e-01 -1.111881047688399182e-01 -2.413819521274419844e-02
3.603603603603603434e-01 -6.676936767728638977e-02 -5.843117832155005770e-02
3.703703703703703498e-01 7.524250216680107572e-02 3.742306753747889903e-02
3.803803803803803563e-01 1.200082886037792396e-01 -3.478340476474286319e-02
3.903903903903903627e-01 1.804015081525938563e-02 3.381993601734249039e-02
4.004004004004003692e-01 -3.570716625088891233e-02 -2.869340293148804621e-02
4.104104104104104311e-01 -4.392485124563473911e-03 -1.154353196674402348e-03
4.204204204204204376e-01 4.338755454282570458e-03 -1.294568656205814274e-02
4.304304304304304440e-01 -3.036186644669016180e-02 -5.816159720032250402e-02
4.404404404404404505e-01 2.427700892883349199e-02 2.133278196385878997e-02
4.504504504504504570e-01 3.424449986846819782e-02 3.690883521172599879e-02
4.604604604604604634e-01 2.741296333572484922e-02 1.449657631193107012e-02
4.704704704704704699e-01 -2.238490143964970468e-04 2.290967493682569828e-02
4.804804804804804763e-01 5.974462454837416864e-02 1.142282481483896696e-02
4.904904904904904828e-01 1.719838867010059155e-02 2.839555870053376424e-02
5.005005005005005447e-01 5.440941040527950967e-02 3.343616567166890052e-03
5.105105105105105512e-01 -9.770193779204180279e-03 -3.775565054945290849e-02
5.205205205205205576e-01 -3.990054737191933709e-02 4.043825110304447024e-03
5.305305305305305641e-01 -2.636805353595700688e-02 3.725414861382082832e-02
5.405405405405405705e-01 -9.566522895009529903e-02 -9.674870398161864934e-03
5.505505505505505770e-01 1.881634200652197372e-02 -3.514548244691599599e-02
5.605605605605605835e-01 3.538953466598506598e-02 5.802327341188168869e-02
5.705705705705705899e-01 3.273144919397801000e-02 1.308794622213698810e-03
5.805805805805805964e-01 -3.599270111672102368e-02 5.539620387573898630e-02
5.905905905905906028e-01 8.457634118454564198e-02 -5.429034160094070582e-02
6.006006006006006093e-01 3.262447259234929620e-02 -2.817360221646134696e-03
6.106106106106106157e-01 -4.184695602887844590e-02 1.440906120225907182e-03
6.206206206206206222e-01 -1.183787839617432697e-01 -9.912804565807651486e-03
6.306306306306306286e-01 -1.754497715725280779e-02 1.213495453018354278e-02
6.406406406406406351e-01 1.937629508196573452e-02 2.720608152677068958e-02
6.506506506506506415e-01 -3.246524362089236310e-02 1.501922992729761569e-02
6.606606606606606480e-01 1.073283459554588981e-01 2.388687157103008135e-02
6.706706706706706544e-01 -2.147032967642668877e-02 6.377199844558534281e-02
6.806806806806806609e-01 8.284493290895066087e-02 -3.911638818718559535e-02
6.906906906906906674e-01 4.038570267989304019e-02 3.403429403459234948e-02
7.007007007007006738e-01 8.297795814600122943e-02 3.438239735661645369e-03
7.107107107107106803e-01 7.264992439894697729e-02 -2.731940298676409015e-02
7.207207207207206867e-01 1.487604358361284754e-02 -9.399467212378065546e-04
7.307307307307306932e-01 -1.071211233940343316e-01 -5.708164052901130471e-03
7.407407407407406996e-01 -1.893529504851432232e-02 1.064306347382861125e-02
7.507507507507507061e-01 -3.380866592172581536e-02 3.136094008794902688e-02
7.607607607607607125e-01 1.119788024776030844e-01 -1.910572781055890762e-02
7.707707707707707190e-01 -1.953087279936346204e-02 -3.566933057629861209e-02
7.807807807807807254e-01 5.999865975284287417e-02 -1.094617302180686709e-03
7.907907907907907319e-01 1.294141374746517366e-02 -1.344962086687738999e-02
8.008008008008007383e-01 1.524984347482074253e-02 6.350619503852271593e-03
8.108108108108108558e-01 1.083155483378054956e-03 2.128746981984801223e-02
8.208208208208208623e-01 -3.699019746081842752e-02 7.557623376003469971e-03
8.308308308308308687e-01 1.814992285526898300e-02 -1.940742180435100703e-02
8.408408408408408752e-01 -5.969474000939254538e-02 2.937033286524704662e-02
8.508508508508508816e-01 -5.349980198004597454e-02 6.541947223229241729e-03
8.608608608608608881e-01 -2.214560468397310314e-02 -3.158830542344229914e-02
8.708708708708708945e-01 -1.367464169628381659e-02 4.255625774438307612e-02
8.808808808808809010e-01 5.190324228197859546e-02 6.187299204131291135e-03
8.908908908908909074e-01 -1.720932925687768122e-02 4.151685577261353746e-03
9.009009009009009139e-01 -9.159857800701712294e-02 7.329938241210418037e-02
9.109109109109109204e-01 -1.059228571059869228e-01 -1.973629113018212158e-02
9.209209209209209268e-01 -8.005118178895246142e-03 -2.891732389440050243e-03
9.309309309309309333e-01 2.582284222711446128e-02 -4.642089215459878522e-03
9.409409409409409397e-01 2.296219628998133477e-02 2.746052823535952148e-02
9.509509509509509462e-01 1.131380697856982503e-02 4.384510662795560940e-03
9.609609609609609526e-01 -3.344154151212880982e-02 -1.459004247267080799e-02
9.709709709709709591e-01 6.447087148243729748e-02 5.577029025127730466e-03
9.809809809809809655e-01 -1.247436599998519823e-02 9.304977671814674070e-03
9.909909909909909720e-01 2.961641958006506689e-02 4.704370990074543957e-02
1.001001001001001089e+00 5.068124473131587968e-03 1.236469645026052819e-02
1.011011011011011096e+00 1.781516603929628878e-02 1.416473653509316664e-02
1.021021021021021102e+00 -2.377590029762112131e-02 2.479715074148322596e-02
1.031031031031031109e+00 -2.126966205074070498e-02 -4.269292557199233637e-04
1.041041041041041115e+00 -7.817286051543763381e-02 2.584887565468683632e-02
1.051051051051051122e+00 1.785511523466557296e-02 -2.524171081520340185e-02
1.061061061061061128e+00 -2.840793762249604198e-02 1.996334766685839424e-02
1.071071071071071135e+00 5.295167245043663762e-02 6.784086547068088682e-03
1.081081081081081141e+00 2.149266964814915831e-02 -4.104988686933190405e-03
1.091091091091091148e+00 7.246745910170211691e-02 2.993928801539817372e-02
1.101101101101101154e+00 -2.577026983899302973e-02 2.303956165604740397e-02
1.111111111111111160e+00 3.862881328836086786e-02 -1.852720726983233569e-03
1.121121121121121167e+00 -8.181004693597403177e-02 1.611467261866080317e-02
1.131131131131131173e+00 -2.380909791445328522e-02 -1.998613923153444785e-02
1.141141141141141180e+00 2.136011992284352068e-02 4.734716135238618145e-02
1.151151151151151186e+00 5.053531045147918385e-03 1.277261321905674533e-02
1.161161161161161193e+00 4.429161908372020000e-03 -4.944053445900738197e-02
1.171171171171171199e+00 -1.923437941377756019e-02 -5.485794398999579990e-02
1.181181181181181206e+00 4.648809799396454168e-02 2.105824136298901569e-02
1.191191191191191212e+00 1.567354883060539245e-02 -4.400399272834213532e-02
1.201201201201201219e+00 -7.203530526635970599e-02 2.511623901256057351e-03
1.211211211211211225e+00 1.065204421384296635e-01 6.657882021620677160e-02
1.221221221221221231e+00 6.899436722734943184e-02 1.488741383659723805e-02
1.231231231231231238e+00 -2.650261976125796101e-02 3.284432844873241830e-02
1.241241241241241244e+00 4.823370944518437509e-02 -2.065037911230880457e-02
1.251251251251251251e+00 4.835412731168015760e-02 2.054339171859974680e-02
1.261261261261261257e+00 4.330611268556607690e-02 -4.348448441007581045e-02
1.271271271271271264e+00 -7.498872982976426127e-02 -1.432759511809508085e-02
1.281281281281281270e+00 1.566274364459676605e-01 -3.467731909070658532e-03
1.291291291291291277e+00 3.770620296443556729e-02 -6.961981665609608128e-02
1.301301301301301283e+00 -2.748415911652764276e-02 1.235278119229602824e-02
1.311311311311311290e+00 -4.720524579668700094e-02 2.156525903604666547e-02
1.321321321321321296e+00 -1.439244463030584301e-02 -4.601320960290438203e-03
1.331331331331331302e+00 -1.666814562189426752e-02 3.841318231974972467e-03
1.341341341341341309e+00 -5.395364994568715294e-02 2.250750528561850511e-02
1.351351351351351315e+00 2.088341669691087116e-02 -3.161906214660054754e-02
1.361361361361361322e+00 -7.319702583869995560e-02 -2.496013784641409536e-02
1.371371371371371328e+00 -1.459690903157405406e-02 -1.956051596567432924e-02
1.381381381381381335e+00 -5.142273490924335888e-02 3.066662583353462618e-02
1.391391391391391341e+00 -1.712942858279985908e-02 -3.975660114758326757e-02
1.401401401401401348e+00 2.169213489815077431e-02 2.521520167796987427e-02
1.411411411411411354e+00 3.779414395973773599e-02 -3.881387906168093371e-02
1.421421421421421361e+00 -6.991368143153879611e-02 1.478302629054975038e-02
1.431431431431431367e+00 -3.686168494317684785e-02 2.011647821540717487e-02
1.441441441441441373e+00 3.431905403411728700e-02 5.271556194110476462e-02
1.451451451451451380e+00 3.973642865749126701e-02 -2.370489632183196693e-02
1.461461461461461386e+00 -5.028543357248942830e-02 3.157987782110217162e-02
1.471471471471471393e+00 -6.043317278897542000e-02 -1.669389909402516428e-02
1.481481481481481399e+00 2.892268670829640023e-02 -5.564882329921400778e-02
1.491491491491491406e+00 1.024981625443662780e-01 1.472890065913159442e-02
1.501501501501501412e+00 -1.436580015990365951e-02 2.694439703540254735e-02
1.511511511511511419e+00 3.489907545278032874e-02 -9.837221419365009892e-03
1.521521521521521425e+00 -2.250776353737329871e-02 8.194398253789633713e-03
1.531531531531531432e+00 5.930750142110301215e-02 5.280398904905134888e-02
1.541541541541541438e+00 -6.047599953442680393e-02 -9.730182485975954337e-03
1.551551551551551444e+00 -6.736963377125383332e-03 3.041140596917882646e-02
1.561561561561561451e+00 2.464695440269411633e-02 -5.276560553977375362e-02
1.571571571571571457e+00 -1.134614702971657035e-02 5.136121087640021371e-02
1.581581581581581464e+00 -2.955745951366722801e-02 -3.690035625915047413e-02
1.591591591591591470e+00 1.164976415769716431e-02 -5.506774114304853474e-02
1.601601601601601477e+00 1.485371358480303272e-01 2.791044422451134654e-02
1.611611611611611705e+00 3.547992965867099308e-02 2.055732407677301338e-02
1.621621621621621712e+00 -2.932636884627440668e-02 1.627730565863071827e-02
1.631631631631631718e+00 1.156581545195129318e-01 3.561960852121156401e-02
1.641641641641641725e+00 -1.034143047652978514e-01 3.622043420329935925e-02
1.651651651651651731e+00 -1.510110335781894315e-03 -1.204337964041565442e-02
1.661661661661661737e+00 -4.144835331669803613e-02 2.089085633885741713e-03
1.671671671671671744e+00 -4.279581341071897471e-02 -3.236787070384625903e-02
1.681681681681681750e+00 5.037575201365833422e-02 3.016660473754024380e-02
1.691691691691691757e+00 -5.311958353103600483e-02 4.525109658352940989e-03
1.701701701701701763e+00 -4.851500782044890214e-02 4.467472137748931815e-02
1.711711711711711770e+00 -3.438400740899467956e-02 2.316844258784544683e-02
1.721721721721721776e+00 -1.222891559572529957e-01 -2.992656805394903769e-03
1.731731731731731783e+00 5.011855878065266806e-02 6.235689115705847670e-03
1.741741741741741789e+00 1.612266919095694390e-02 1.818944655798168317e-02
1.751751751751751796e+00 2.148168002585900196e-02 -2.586837606932780240e-02
1.761761761761761802e+00 3.050018565411286367e-02 1.050640063163472623e-02
1.771771771771771808e+00 -3.535778092390789301e-02 -5.730874192833178629e-03
1.781781781781781815e+00 9.382429243501934357e-02 -1.911816096430703216e-02
1.791791791791791821e+00 1.230822864652600900e-02 3.696843021946795947e-03
1.801801801801801828e+00 -3.835339063028753159e-02 -1.413768285377426520e-02
1.811811811811811834e+00 1.148234774107667888e-01 1.525347537740705511e-03
1.821821821821821841e+00 1.880384084865863170e-03 -4.397780091561607346e-02
1.831831831831831847e+00 -3.395416103105406216e-03 -1.795577023673287920e-02
1.841841841841841854e+00 -8.889808020214060025e-02 -1.870044929606914583e-02
1.851851851851851860e+00 2.095259355860056710e-02 8.145615411581061047e-03
1.861861861861861867e+00 5.241378625631312738e-02 -3.086647850441958524e-02
1.871871871871871873e+00 3.726476052132567107e-02 6.892721500148133937e-03
1.881881881881881879e+00 -2.116342621403658614e-02 -2.186553846048205560e-02
1.891891891891891886e+00 -8.183270139632749240e-02 -1.626152917487693611e-02
1.901901901901901892e+00 -7.402706393956973163e-02 -1.320098335035405079e-02
1.911911911911911899e+00 1.427847767038337504e-02 2.464762286930105920e-02
1.921921921921921905e+00 -2.515519581733043769e-02 3.170421602546586066e-03
1.931931931931931912e+00 -1.592168213974112095e-02 -3.499948121892439840e-02
1.941941941941941918e+00 1.612832130513022419e-02 3.155211075503699253e-02
1.951951951951951925e+00 7.661690540561373088e-03 -4.180689076516776181e-02
1.961961961961961931e+00 6.766888928444350637e-02 -5.295894037040817931e-02
1.971971971971971938e+00 -8.242939527525344062e-03 2.637403659112319901e-02
1.981981981981981944e+00 -6.581447251209418536e-02 4.639777003895151353e-02
1.991991991991991950e+00 -8.021612993690185878e-02 -7.070006036350996725e-02
2.002002002002002179e+00 5.043277963627029042e-02 -1.319645054088694827e-02
2.012012012012012185e+00 3.414431298420763511e-02 5.049515099189447881e-02
2.022022022022022192e+00 3.970580763846678213e-02 -4.503491213846771285e-02
2.032032032032032198e+00 7.248137089509837372e-02 -1.079113105385662297e-02
2.042042042042042205e+00 -1.019312822379002045e-02 -5.011636622244371869e-02
2.052052052052052211e+00 2.673031937564059740e-02 -4.821435411636766644e-02
2.062062062062062218e+00 9.255385364226834111e-03 -3.045737892053098847e-02
2.072072072072072224e+00 1.037045301351151999e-01 -3.581160666054940961e-02
2.082082082082082231e+00 -1.542097162772787175e-02 8.971233376915462715e-03
2.092092092092092237e+00 9.516396930340316473e-02 1.973613011857306559e-02
2.102102102102102243e+00 8.356111542425475464e-04 -1.550521137506540720e-02
2.112112112112112250e+00 1.912311847823226427e-02 -6.648542711277330777e-03
2.122122122122122256e+00 4.480578590346392942e-02 1.363901943900892519e-02
2.132132132132132263e+00 7.124275019638612316e-02 1.874281932803073189e-02
2.142142142142142269e+00 -2.346089388911340792e-02 2.749005061158991503e-04
2.152152152152152276e+00 -5.702632155863973651e-04 9.358013540260405952e-03
2.162162162162162282e+00 3.935431554902076023e-02 8.195243873525130326e-03
2.172172172172172289e+00 -5.693474550045769800e-03 4.470575007702926040e-02
2.182182182182182295e+00 1.370850269888441303e-03 -1.229981765195322686e-02
2.192192192192192302e+00 -1.923403501051391962e-03 3.917196099775914486e-03
2.202202202202202308e+00 3.499253022836228133e-02 4.425019748000234149e-02
2.212212212212212314e+00 4.093532850831792247e-02 -9.120270116492057086e-03
2.222222222222222321e+00 -7.086767447263593589e-02 4.321995933039775306e-02
2.232232232232232327e+00 4.473233682206380346e-02 -1.259145732418342871e-02
2.242242242242242334e+00 -2.058665225717958014e-02 2.840393680232023571e-02
2.252252252252252340e+00 4.134397396251743989e-02 2.190109893630248078e-02
2.262262262262262347e+00 3.409696018011230956e-02 -5.551184685809010949e-02
2.272272272272272353e+00 -1.598836693190132038e-02 -2.810366071548916003e-02
2.282282282282282360e+00 5.356169523069700955e-02 1.248039916456558998e-02
2.292292292292292366e+00 -3.527776444222796570e-02 5.271506822375426893e-03
2.302302302302302373e+00 -8.775957692847769637e-03 1.406010717156772234e-02
2.312312312312312379e+00 5.591948077875768391e-02 -8.431152892862994394e-03
2.322322322322322385e+00 1.000161841187114861e-02 3.846852541682699300e-02
2.332332332332332392e+00 4.972600889397289781e-02 3.321978338054494724e-03
2.342342342342342398e+00 8.835081514133270864e-02 -5.202294764635575879e-03
2.352352352352352405e+00 1.065124778539267431e-01 3.770313173320521960e-02
2.362362362362362411e+00 -7.267061149583212143e-04 -4.237463680215554362e-02
2.372372372372372418e+00 5.341379815519742974e-02 -3.098210679384005503e-02
2.382382382382382424e+00 -5.138658444823342858e-02 -2.931298714649068632e-02
2.392392392392392431e+00 -2.100151143761425088e-02 -3.031494560562354029e-02
2.402402402402402437e+00 9.956799803919554048e-02 -7.958563682567509900e-02
2.412412412412412444e+00 1.471478468830706224e-02 -4.572898926048828139e-02
2.422422422422422450e+00 -1.484524933568229232e-02 6.332740959854485374e-02
2.432432432432432456e+00 1.341972485117919334e-01 -2.019647169349443605e-02
2.442442442442442463e+00 9.887602055027999715e-02 -9.688479820501354201e-03
2.452452452452452469e+00 -4.363034522611572430e-02 -2.159029031119942196e-02
2.462462462462462476e+00 -6.127260633043390969e-03 -1.694113875273985798e-02
2.472472472472472482e+00 7.924064470846689523e-02 1.007325374032787962e-02
2.482482482482482489e+00 3.036432807922451876e-02 8.154192136979912867e-03
2.492492492492492495e+00 4.929582151277560331e-02 -2.997099767069319465e-02
2.502502502502502502e+00 7.354454549615185854e-02 4.159123215960398162e-02
2.512512512512512508e+00 4.900291449835283975e-02 -5.978625209910803581e-03
2.522522522522522515e+00 4.864208547902815205e-03 -3.237253039394236837e-02
2.532532532532532521e+00 1.735105172483370276e-02 1.448398109914853654e-02
2.542542542542542527e+00 6.526784768282746507e-02 -3.505026998118474652e-02
2.552552552552552534e+00 1.279817548978218200e-01 6.697378824063653091e-02
2.562562562562562540e+00 4.575111222930274002e-02 5.434351944488145791e-02
2.572572572572572547e+00 -2.695576682337701840e-02 -3.064702196421093677e-03
2.582582582582582553e+00 1.649651124781938150e-02 -1.295400442975997400e-02
2.592592592592592560e+00 3.273179168408570788e-02 8.180155781405602268e-04
2.602602602602602566e+00 7.265062133727900884e-02 1.367235678813493588e-02
2.612612612612612573e+00 5.068514814197943447e-02 3.453696547363355185e-02
2.622622622622622579e+00 8.011882025120034556e-02 3.336174320958956371e-03
2.632632632632632586e+00 9.418646008987152651e-02 3.343727544690471010e-02
2.642642642642642592e+00 3.491814409727962698e-03 -5.647260776862223636e-02
2.652652652652652598e+00 6.501577546271376795e-02 4.522339392463668728e-02
2.662662662662662605e+00 1.040043134784312817e-01 -2.392293047164109187e-03
2.672672672672672611e+00 -4.663932796324557484e-03 -2.611450466077954412e-03
2.682682682682682618e+00 1.245554323570976646e-01 2.840359416664824457e-02
2.692692692692692624e+00 8.912310023705402595e-02 -1.843515246972041860e-02
2.702702702702702631e+00 6.969642967445741077e-02 -4.160586546753532872e-02
2.712712712712712637e+00 1.375742606991536832e-02 7.793369352087352320e-02
2.722722722722722644e+00 2.845616108958419488e-02 6.009076803193365290e-02
2.732732732732732650e+00 6.402791785247854972e-02 2.695772105581861755e-02
2.742742742742742657e+00 1.458174084023642347e-01 -2.847044856226042808e-02
2.752752752752752663e+00 3.295734352539664985e-02 -1.105796024562072681e-03
2.762762762762762669e+00 3.033461522881162470e-02 -1.993383788358287986e-02
2.772772772772772676e+00 5.395264021395272669e-02 -1.726855517675967774e-02
2.782782782782782682e+00 1.290381989001655461e-01 2.496792438198620900e-03
2.792792792792792689e+00 6.301084894218431098e-02 -1.628391428505618441e-03
2.802802802802802695e+00 1.009065825543479233e-01 1.270955779329271604e-02
2.812812812812812702e+00 9.560909633720510170e-02 -3.748607470261156884e-04
2.822822822822822708e+00 1.140660557785091456e-01 3.948164216592030956e-02
2.832832832832832715e+00 -3.554833404175006262e-03 4.991531810622080317e-03
2.842842842842842721e+00 4.704572545670687028e-02 -7.743767958468550372e-02
2.852852852852852727e+00 1.060135832334112432e-01 -9.745512276265581170e-03
2.862862862862862734e+00 1.422481172110686976e-01 -6.034854599874641366e-03
2.872872872872872740e+00 8.280095216057505036e-02 -1.816394147045827375e-03
2.882882882882882747e+00 1.114523658911409920e-01 2.897008857631482026e-02
2.892892892892892753e+00 5.325865063614809020e-02 -3.064113589638788569e-03
2.902902902902902760e+00 2.195249827337856230e-01 -5.090627370629154103e-02
2.912912912912912766e+00 1.371080962803657433e-01 3.519299826600561475e-03
2.922922922922922773e+00 7.815417764955331914e-02 -1.109014145884575954e-02
2.932932932932932779e+00 1.359505080929691578e-01 7.896059517489898132e-04
2.942942942942942786e+00 1.200912662768818806e-02 5.809432303598282415e-02
2.952952952952952792e+00 1.968149582435838041e-01 -2.456430514871331058e-02
2.962962962962962798e+00 1.036343007535020511e-01 -2.368542747377613486e-02
2.972972972972972805e+00 1.107097462016306960e-01 2.675195363800942153e-02
2.982982982982982811e+00 2.471158559124638776e-01 5.696834985470768109e-02
2.992992992992992818e+00 7.719765869657503610e-02 3.120110219796159295e-02
3.003003003003002824e+00 1.536782471059419120e-01 1.036480991580535527e+00
3.013013013013012831e+00 1.603720161404558198e-01 9.949704821614574479e-01
3.023023023023022837e+00 1.557949931627805040e-01 9.985147878419576850e-01
3.033033033033032844e+00 9.884879165774383691e-02 9.595994702713105395e-01
3.043043043043042850e+00 1.492106727917610065e-01 9.961311311940143076e-01
3.053053053053052857e+00 1.735828247549004999e-01 1.055423009296237780e+00
3.063063063063062863e+00 1.898478924439621629e-01 1.024213738598942047e+00
3.073073073073072869e+00 1.386757973221121043e-01 1.026448699567608092e+00
3.083083083083082876e+00 1.830581690357939439e-01 1.011330839791848124e+00
3.093093093093092882e+00 1.323799373425680881e-01 9.711237430952854854e-01
3.103103103103102889e+00 1.035767614507455275e-01 1.013734370432004761e+00
3.113113113113112895e+00 1.672526876990725608e-01 1.026192310470005919e+00
3.123123123123122902e+00 8.906191869858601229e-02 1.009463231114286819e+00
3.133133133133132908e+00 2.073448286273782137e-01 9.852100637332665833e-01
3.143143143143142915e+00 1.606716689388547614e-01 1.023540245430566431e+00
3.153153153153152921e+00 1.798213449495560112e-01 9.955721050724373189e-01
3.163163163163162928e+00 1.452481400485409746e-01 1.034466885095003397e+00
3.173173173173172934e+00 1.474592549045606327e-01 9.808616881518381625e-01
3.183183183183182940e+00 2.426755465364345832e-01 9.876081433824168698e-01
3.193193193193192947e+00 2.011376354600436789e-01 9.792406783752132249e-01
3.203203203203202953e+00 2.444202490176220488e-01 9.277300000539255853e-01
3.213213213213213404e+00 2.542630204546737493e-01 1.012308384388450166e+00
3.223223223223223410e+00 2.002233946994089742e-01 9.938282131169954292e-01
3.233233233233233417e+00 1.028579140410752074e-01 9.791065591349182862e-01
3.243243243243243423e+00 2.072613759548893042e-01 9.565365765366079520e-01
3.253253253253253430e+00 2.901547613458332897e-01 1.021954148983615029e+00
3.263263263263263436e+00 1.949354953274465563e-01 9.735293059448383302e-01
3.273273273273273443e+00 2.052351205530224543e-01 1.009213206674884677e+00
3.283283283283283449e+00 2.325837972052106906e-01 1.036134347998084682e+00
3.293293293293293456e+00 2.291437128490956820e-01 9.884280564621510390e-01
3.303303303303303462e+00 2.733654675689347058e-01 1.006334692842709266e+00
3.313313313313313468e+00 2.025211009557845165e-01 1.016433394044928384e+00
3.323323323323323475e+00 2.201527810053244827e-01 1.020341648298431991e+00
3.333333333333333481e+00 2.999185616409149602e-01 9.926078212172106952e-01
3.343343343343343488e+00 3.468332475940337778e-01 1.044218348745993952e+00
3.353353353353353494e+00 2.181952456306658350e-01 1.020617158209347508e+00
3.363363363363363501e+00 2.955454021535938725e-01 9.611422766332574641e-01
3.373373373373373507e+00 3.422619310850873453e-01 9.907064682672317435e-01
3.383383383383383514e+00 2.928266571320122802e-01 9.782430380141914350e-01
3.393393393393393520e+00 3.767614987313278596e-01 9.931510003670973585e-01
3.403403403403403527e+00 3.388539978494861105e-01 9.565992367429912990e-01
3.413413413413413533e+00 2.474084425905326845e-01 1.001053645492560484e+00
3.423423423423423539e+00 4.375427680581513989e-01 9.899018194632469569e-01
3.433433433433433546e+00 3.044450615146894745e-01 9.358204945495850469e-01
3.443443443443443552e+00 1.821485782779782570e-01 1.018911427728065311e+00
3.453453453453453559e+00 2.663855823277224144e-01 9.834398436257398846e-01
3.463463463463463565e+00 2.920581235166476164e-01 9.960315243066458768e-01
3.473473473473473572e+00 4.044712709996902689e-01 1.017443166285998624e+00
3.483483483483483578e+00 2.587175820979381036e-01 9.578543428182013653e-01
3.493493493493493585e+00 3.354497478521360487e-01 9.888863280126485300e-01
3.503503503503503591e+00 3.972796202478374172e-01 1.026831381204769356e+00
3.513513513513513598e+00 3.927060639731603242e-01 1.000993514027880948e+00
3.523523523523523604e+00 2.802966531731250766e-01 1.016250221537291498e+00
3.533533533533533610e+00 3.091829839156813864e-01 9.752209881971941607e-01
3.543543543543543617e+00 2.669513002864700169e-01 9.785670144735661991e-01
3.553553553553553623e+00 3.800769458269495082e-01 1.055176379704531708e+00
3.563563563563563630e+00 3.608422439361779199e-01 1.006085975433503643e+00
3.573573573573573636e+00 4.616210280903824126e-01 1.004466769835073992e+00
3.583583583583583643e+00 2.613796280270058725e-01 9.900875823884578431e-01
3.593593593593593649e+00 4.130832690408717811e-01 9.287362207115706925e-01
3.603603603603603656e+00 3.914523968792483211e-01 1.058685806086912207e+00
3.613613613613613662e+00 4.282698825682728083e-01 9.420407817457244759e-01
3.623623623623623669e+00 3.823876886082920867e-01 9.800482073263330207e-01
3.633633633633633675e+00 3.515265225650773262e-01 1.064384397673728389e+00
3.643643643643643681e+00 4.252436608891441705e-01 9.286110407930507904e-01
3.653653653653653688e+00 4.495547147659577636e-01 9.850025926306875679e-01
3.663663663663663694e+00 4.757853855506656293e-01 9.812292014835971576e-01
3.673673673673673701e+00 3.816129129441528378e-01 9.663600119143485045e-01
3.683683683683683707e+00 4.560026303975170392e-01 1.005888095988434427e+00
3.693693693693693714e+00 3.371631187284870323e-01 9.784608338069870070e-01
3.703703703703703720e+00 4.824485250141807846e-01 9.726513073208703508e-01
3.713713713713713727e+00 4.594076640629216612e-01 1.001835299182883610e+00
3.723723723723723733e+00 4.638073342707575430e-01 9.249403757438406926e-01
3.733733733733733740e+00 4.760016127445880207e-01 9.904968963850584451e-01
3.743743743743743746e+00 4.355494988087754149e-01 1.010623954475169173e+00
3.753753753753753752e+00 4.935867461084069152e-01 1.021112358453464930e+00
3.763763763763763759e+00 5.165585897439570751e-01 1.015690123549472856e+00
3.773773773773773765e+00 5.308478631796106351e-01 9.789274030138184202e-01
3.783783783783783772e+00 4.711473845672624616e-01 9.927460625905203395e-01
3.793793793793793778e+00 4.608058079662730178e-01 1.020126816560023464e+00
3.803803803803803785e+00 5.251485055016444914e-01 1.005024843065610352e+00
3.813813813813813791e+00 5.626946702971480363e-01 9.868026916750118893e-01
3.823823823823823798e+00 4.741217420532476412e-01 9.643214294779550722e-01
3.833833833833833804e+00 4.165978829943555173e-01 1.030280662333378228e+00
3.843843843843843811e+00 5.457057266724519851e-01 9.863479272436239675e-01
3.853853853853853817e+00 5.316826176264196624e-01 1.005658979900401873e+00
3.863863863863863823e+00 6.133015753651495094e-01 1.019717434896463271e+00
3.873873873873873830e+00 6.171822302698377616e-01 1.009371271068647324e+00
3.883883883883883836e+00 5.409382194753238338e-01 9.986011987406516743e-01
3.893893893893893843e+00 4.973511513258799810e-01 1.040220670912096024e+00
3.903903903903903849e+00 5.136670514246074459e-01 9.810402745571694672e-01
3.913913913913913856e+00 5.914277379192854900e-01 9.766874769820960145e-01
3.923923923923923862e+00 5.954873751837407303e-01 9.605697598710727370e-01
3.933933933933933869e+00 5.905753718720122558e-01 9.849537530965396526e-01
3.943943943943943875e+00 5.599627796425212800e-01 1.000598222147740968e+00
3.953953953953953881e+00 6.409150387041850916e-01 9.933798359446754933e-01
3.963963963963963888e+00 6.402582637314122582e-01 1.018163064577465082e+00
3.973973973973973894e+00 5.785491580090195152e-01 9.266284161601818781e-01
3.983983983983983901e+00 6.429353000693264208e-01 9.847624481238702598e-01
3.993993993993993907e+00 6.270178821016423321e-01 9.747164182857702697e-01
4.004004004004004358e+00 6.565528559574574929e-01 1.042297516276488034e+00
4.014014014014014364e+00 5.490685228828797726e-01 9.563803397768733117e-01
4.024024024024024371e+00 7.164163708041223488e-01 1.062090028663638108e+00
4.034034034034034377e+00 6.029659236826766522e-01 9.614619831267514627e-01
4.044044044044044384e+00 6.952901475093342665e-01 9.604738544429033409e-01
4.054054054054054390e+00 6.997773582584919660e-01 1.028091447622663468e+00
4.064064064064064397e+00 6.077629877159831384e-01 1.026895336556915783e+00
4.074074074074074403e+00 6.993875363497513709e-01 1.036239253671333183e+00
4.084084084084084409e+00 7.055065063979397699e-01 1.046843693943965814e+00
4.094094094094094416e+00 6.818131376392835286e-01 1.013129189099217786e+00
4.104104104104104422e+00 6.254119206406655307e-01 9.762668117657528066e-01
4.114114114114114429e+00 7.441561507592061586e-01 9.775529016733651710e-01
4.124124124124124435e+00 7.252382512792312497e-01 1.021798859038643315e+00
4.134134134134134442e+00 6.883497375794210837e-01 1.008908284111397879e+00
4.144144144144144448e+00 7.226239456359971891e-01 1.028508790511928339e+00
4.154154154154154455e+00 7.202836846389176761e-01 1.019799058633509059e+00
4.164164164164164461e+00 6.852593981837847847e-01 9.822420601457637623e-01
4.174174174174174468e+00 7.485083908431814370e-01 9.998604694286754579e-01
4.184184184184184474e+00 7.333326022527805188e-01 1.028720726393063334e+00
4.194194194194194480e+00 6.759829522668551194e-01 1.035798147657093882e+00
4.204204204204204487e+00 6.569983202308082859e-01 9.733009547747661916e-01
4.214214214214214493e+00 7.559979429303590459e-01 1.009114090020771348e+00
4.224224224224224500e+00 7.783099199980084704e-01 9.426955503668881242e-01
4.234234234234234506e+00 7.872472334421996010e-01 9.789424100893842073e-01
4.244244244244244513e+00 7.172431231124756223e-01 9.835489597435387310e-01
4.254254254254254519e+00 7.994610711675282921e-01 1.055399607308551868e+00
4.264264264264264526e+00 7.536820014203665652e-01 1.007854696985652776e+00
4.274274274274274532e+00 6.915517478161277154e-01 1.023098226660412502e+00
4.284284284284284539e+00 7.710156435171605649e-01 9.723511571824486888e-01
4.294294294294294545e+00 6.853535842114176768e-01 1.015139679195236955e+00
4.304304304304304551e+00 8.075365073697746698e-01 9.857715632769594727e-01
4.314314314314314558e+00 7.683236108579410972e-01 9.841966223801036362e-01
4.324324324324324564e+00 7.806586113597357990e-01 1.005033381158184191e+00
4.334334334334334571e+00 7.650923776425649914e-01 9.842075261338446568e-01
4.344344344344344577e+00 7.826631669191737029e-01 1.057456251592375107e+00
4.354354354354354584e+00 8.676378951343667323e-01 1.032776710461426939e+00
4.364364364364364590e+00 8.530414905517008650e-01 1.021221721959199691e+00
4.374374374374374597e+00 8.378995815091501154e-01 9.667168986741310199e-01
4.384384384384384603e+00 8.512163463901997185e-01 9.315136355428033088e-01
4.394394394394394610e+00 9.175844545615871040e-01 1.054378441668184951e+00
4.404404404404404616e+00 7.762518609107730283e-01 1.029145730579775098e+00
4.414414414414414622e+00 8.701757113875734362e-01 1.019530282098749518e+00
4.424424424424424629e+00 8.587474501439259500e-01 9.929367362208298964e-01
4.434434434434434635e+00 9.161465109632989101e-01 9.962137974263868267e-01
4.444444444444444642e+00 9.322373672560924085e-01 1.011924916951234765e+00
4.454454454454454648e+00 8.592736111870191706e-01 9.695137568546811080e-01
4.464464464464464655e+00 9.182836763661107460e-01 9.782007861705060980e-01
4.474474474474474661e+00 8.053807667329014874e-01 1.002087033816356776e+00
4.484484484484484668e+00 8.116865420322773028e-01 1.002367061800592651e+00
4.494494494494494674e+00 7.795533750191072642e-01 1.002649630691156091e+00
4.504504504504504681e+00 9.741819227266788062e-01 1.015467967236014513e+00
4.514514514514514687e+00 9.017018377637597837e-01 1.011929990544579550e+00
4.524524524524524693e+00 8.616679024533134834e-01 9.856584876809181273e-01
4.534534534534534700e+00 9.872016189715110412e-01 1.023013893164059329e+00
4.544544544544544706e+00 8.963670238220746711e-01 9.915088815083994422e-01
4.554554554554554713e+00 8.444255971516362314e-01 9.953916317291244820e-01
4.564564564564564719e+00 9.444192567289299012e-01 9.915502544166218124e-01
4.574574574574574726e+00 9.772777257722941036e-01 1.013670525831736446e+00
4.584584584584584732e+00 9.354677802785427154e-01 1.004573404878295717e+00
4.594594594594594739e+00 9.791205367388557956e-01 1.002970148742920786e+00
4.604604604604604745e+00 8.958870811664655376e-01 9.917640199579494942e-01
4.614614614614614752e+00 9.170205538094614583e-01 9.883026276899660179e-01
4.624624624624624758e+00 1.071123315988387281e+00 1.029657238933806784e+00
4.634634634634634764e+00 8.937991740071608016e-01 1.015843031760316872e+00
4.644644644644644771e+00 9.186292293084671323e-01 1.030683583947070270e+00
4.654654654654654777e+00 8.733813307931777015e-01 1.025364833320528080e+00
4.664664664664664784e+00 9.791852064145808443e-01 1.018409914072462952e+00
4.674674674674674790e+00 8.867857487911740000e-01 1.021306497586837114e+00
4.684684684684684797e+00 9.732225207292857228e-01 1.009433838541281103e+00
4.694694694694694803e+00 9.538931754673907193e-01 9.890026211953665269e-01
4.704704704704704810e+00 9.295950735909647156e-01 1.024237010329658304e+00
4.714714714714714816e+00 9.863408657272427771e-01 9.322692838177418784e-01
4.724724724724724823e+00 9.837573110520125841e-01 9.422552442086887803e-01
4.734734734734734829e+00 9.895231289343033865e-01 1.022551135680017431e+00
4.744744744744744835e+00 9.628496267688949617e-01 9.773180507546233020e-01
4.754754754754754842e+00 9.916497706073975626e-01 9.617547131215737899e-01
4.764764764764764848e+00 8.856476454750308314e-01 1.007945586493490531e+00
4.774774774774774855e+00 9.165270163751294552e-01 1.004601548298693636e+00
4.784784784784784861e+00 9.150460193552160115e-01 9.927457687602693204e-01
4.794794794794794868e+00 9.598032045074857965e-01 1.011274556902962196e+00
4.804804804804804874e+00 1.002145471690846668e+00 1.005798444840610095e+00
4.814814814814814881e+00 9.246016609649611029e-01 9.716410382490925368e-01
4.824824824824824887e+00 9.909778531135149393e-01 9.761933096166494073e-01
4.834834834834834894e+00 8.899736509904093706e-01 1.012076013008291087e+00
4.844844844844844900e+00 9.762167740745769651e-01 9.602699731385716531e-01
4.854854854854854906e+00 9.113569721632013287e-01 9.717178814032743084e-01
4.864864864864864913e+00 1.003900273300237123e+00 1.042942519673721868e+00
4.874874874874874919e+00 1.048453092433883516e+00 1.025248790386730002e+00
4.884884884884884926e+00 9.728902955532788832e-01 1.012344270030071103e+00
4.894894894894894932e+00 9.886786275333503404e-01 9.860380185057939784e-01
4.904904904904904939e+00 9.499643146853217202e-01 1.002115064719422799e+00
4.914914914914914945e+00 1.017473030676969481e+00 1.067056229078203522e+00
4.924924924924924952e+00 9.796492482415445346e-01 9.073482470726739191e-01
4.934934934934934958e+00 1.062914397620582374e+00 1.031669552685193336e+00
4.944944944944944965e+00 1.009862139671566350e+00 1.025171530477512194e+00
4.954954954954954971e+00 9.391578901567320115e-01 1.075569205515707116e+00
4.964964964964964977e+00 9.242837439684599143e-01 9.879891275341933232e-01
4.974974974974974984e+00 1.073975297623608771e+00 1.066330373896755335e+00
4.984984984984984990e+00 9.883571300440809893e-01 9.812425604110168731e-01
4.994994994994994997e+00 9.800731170909873224e-01 9.970163462113212915e-01
5.005005005005005003e+00 9.828527028016833533e-01 9.864227721412137662e-01
5.015015015015015010e+00 1.040238968723873558e+00 1.021851504915156417e+00
5.025025025025025016e+00 9.751002306661155083e-01 1.022504049146119254e+00
5.035035035035035023e+00 1.021181261504411797e+00 9.502463528712451479e-01
5.045045045045045029e+00 1.065845233675351666e+00 1.007284112988305003e+00
5.055055055055055035e+00 1.008480331770202687e+00 1.076320812293540818e+00
5.065065065065065042e+00 9.608600019409977433e-01 9.950106062234941318e-01
5.075075075075075048e+00 1.044668946998585923e+00 9.969463056620494479e-01
5.085085085085085055e+00 9.374063318313436977e-01 1.063264929533016767e+00
5.095095095095095061e+00 9.961238812125130515e-01 9.722647952774831070e-01
5.105105105105105068e+00 8.915538745851523394e-01 9.839831888191294951e-01
5.115115115115115074e+00 1.030330879804833399e+00 1.013822672661679913e+00
5.125125125125125081e+00 9.637890403680091644e-01 9.992718985961843714e-01
5.135135135135135087e+00 1.041478418265249895e+00 1.033804693657084606e+00
5.145145145145145094e+00 1.098670455128643697e+00 9.660037088733366417e-01
5.155155155155155100e+00 9.197849422078060444e-01 9.707506788051094571e-01
5.165165165165165106e+00 1.002765527172576165e+00 1.021155270481585609e+00
5.175175175175175113e+00 9.498102851042941053e-01 9.805983310334935865e-01
5.185185185185185119e+00 1.001017933918021852e+00 1.036814322631794072e+00
5.195195195195195126e+00 9.262183510222632421e-01 1.033963203694406197e+00
5.205205205205205132e+00 9.835112717492968670e-01 1.025840684444804252e+00
5.215215215215215139e+00 9.807175400859228231e-01 1.010105402191854740e+00
5.225225225225225145e+00 9.619751740465802836e-01 9.676655612899067727e-01
5.235235235235235152e+00 1.019531706205107247e+00 1.028754121218158346e+00
5.245245245245245158e+00 9.620463000214761751e-01 1.016953682772802514e+00
5.255255255255255165e+00 1.005704069178798621e+00 9.989184524910694751e-01
5.265265265265265171e+00 9.260182548974880135e-01 9.928554069196634524e-01
5.275275275275275177e+00 9.615412500859548128e-01 9.733370867038581009e-01
5.285285285285285184e+00 9.074618569531007761e-01 1.008854328394991340e+00
5.295295295295295190e+00 9.429206864949787326e-01 9.876651205184895366e-01
5.305305305305305197e+00 9.456135018521945046e-01 9.632821011821991464e-01
5.315315315315315203e+00 9.105399221335890303e-01 1.055813175641070023e+00
5.325325325325325210e+00 9.852640444564966238e-01 1.017438864163255907e+00
5.335335335335335216e+00 8.118838222802949867e-01 9.874962382132885796e-01
5.345345345345345223e+00 9.871555366927788899e-01 9.718972144053633633e-01
5.355355355355355229e+00 9.274355934338838203e-01 9.749246351831085677e-01
5.365365365365365236e+00 9.712178925245097405e-01 9.883383134979677465e-01
5.375375375375375242e+00 9.446671227547254190e-01 9.123719924740180121e-01
5.385385385385385248e+00 8.890176177557477244e-01 1.001482943786943025e+00
5.395395395395395255e+00 9.671007734146477297e-01 9.767773490131745895e-01
5.405405405405405261e+00 9.639457195071861051e-01 1.051057402278626540e+00
5.415415415415415268e+00 9.692586660661454134e-01 1.072138273514940510e+00
5.425425425425425274e+00 9.135278324611547651e-01 9.719890900018864910e-01
5.435435435435435281e+00 9.044633476990688870e-01 1.037533769955796714e+00
5.445445445445445287e+00 8.697897698753218609e-01 1.000128530738143340e+00
5.455455455455455294e+00 9.789286390758145107e-01 9.919667611738297586e-01
5.465465465465465300e+00 9.239938314342235337e-01 1.078008238375143923e+00
5.475475475475475307e+00 8.861155194698621118e-01 1.048516872056060256e+00
5.485485485485485313e+00 1.056410048604672136e+00 9.902556058790320526e-01
5.495495495495495319e+00 9.059388618444391694e-01 1.054980998497344613e+00
5.505505505505505326e+00 8.172788831107944407e-01 1.035102725271419555e+00
5.515515515515515332e+00 9.955309569437834627e-01 1.014326811064355738e+00
5.525525525525525339e+00 8.563807241619754151e-01 9.783726193459650888e-01
5.535535535535535345e+00 8.513182432209639439e-01 9.530794909027223705e-01
5.545545545545545352e+00 7.853856030491095375e-01 1.031854318978741913e+00
5.555555555555555358e+00 8.588362084520283490e-01 9.772534338286823496e-01
5.565565565565565365e+00 7.949512048011168064e-01 1.023606171428401490e+00
5.575575575575575371e+00 8.792197311648898284e-01 9.877663382922090562e-01
5.585585585585585378e+00 8.822811573228449555e-01 9.723976488414526331e-01
5.595595595595595384e+00 8.385172729312698747e-01 9.664533947817840476e-01
5.605605605605605390e+00 9.290792501704985273e-01 9.953209102893287863e-01
5.615615615615615397e+00 8.038274181877258506e-01 9.830743380530196918e-01
5.625625625625625403e+00 8.621157268744906732e-01 9.675288518711158137e-01
5.635635635635635410e+00 8.038651390453921408e-01 9.895968716127173659e-01
5.645645645645645416e+00 7.864355398950687581e-01 1.012887266957169130e+00
5.655655655655655423e+00 7.050839915841548011e-01 9.596090601642781603e-01
5.665665665665665429e+00 8.555785456454639837e-01 9.310024140204301579e-01
5.675675675675675436e+00 7.972682838441961239e-01 9.914437847462297393e-01
5.685685685685685442e+00 8.285452626614110416e-01 1.011067349951983108e+00
5.695695695695695449e+00 7.670760485220282643e-01 1.046212819233381497e+00
5.705705705705705455e+00 8.057349036334323644e-01 1.030546390897485676e+00
5.715715715715715461e+00 7.953223911347411246e-01 9.944763866832359023e-01
5.725725725725725468e+00 7.672769647008532701e-01 1.020695654994655310e+00
5.735735735735735474e+00 7.801561598819209964e-01 1.029000115813973437e+00
5.745745745745745481e+00 7.328862883991108523e-01 1.053691469447476603e+00
5.755755755755755487e+00 7.165066756018655392e-01 1.046605158623543863e+00
5.765765765765765494e+00 6.727416975052717962e-01 9.857491201773246337e-01
5.775775775775775500e+00 6.940265421302901361e-01 1.017357101419291254e+00
5.785785785785785507e+00 6.901454924801831980e-01 1.031625161801265289e+00
5.795795795795795513e+00 7.624248171613192682e-01 1.045102354532571276e+00
5.805805805805805520e+00 6.880763204738632455e-01 1.070291115998104559e+00
5.815815815815815526e+00 6.896910144686093647e-01 9.953679167438561626e-01
5.825825825825825532e+00 7.075829008175905654e-01 1.017267134159466346e+00
5.835835835835835539e+00 6.774872468805219761e-01 9.524944483204322854e-01
5.845845845845845545e+00 6.983982538557361730e-01 1.022704423079195735e+00
5.855855855855855552e+00 6.914242827008092451e-01 1.000693034478886023e+00
5.865865865865865558e+00 7.300622276558470514e-01 9.831014292483069017e-01
5.875875875875875565e+00 6.669457979787785096e-01 1.007833579621379316e+00
5.885885885885885571e+00 6.743452848698837654e-01 9.873886899970742981e-01
5.895895895895895578e+00 6.073227716252450614e-01 1.027669153090505327e+00
5.905905905905905584e+00 6.679985986151195654e-01 9.704032021866159097e-01
5.915915915915915591e+00 6.381766598043140393e-01 9.613188437690539656e-01
5.925925925925925597e+00 6.790801896995937170e-01 9.576692283552408202e-01
5.935935935935935603e+00 6.488410935002159041e-01 9.754737105495078220e-01
5.945945945945945610e+00 5.528476833729262241e-01 9.993738671647280913e-01
5.955955955955955616e+00 6.559931097348320472e-01 1.022691963688737715e+00
5.965965965965965623e+00 6.017629816229342898e-01 1.016957770874190814e+00
5.975975975975975629e+00 6.377411420113351381e-01 1.017287395220978219e+00
5.985985985985985636e+00 6.828216035142572471e-01 9.752249420139336156e-01
5.995995995995995642e+00 6.011295616731296976e-01 9.986368355456505252e-01
6.006006006006005649e+00 6.159480805584676144e-01 9.685462022846367258e-01
6.016016016016015655e+00 6.855145257988898289e-01 1.016696956994045165e+00
6.026026026026025662e+00 5.752219898490189554e-01 1.073467162507602879e+00
6.036036036036035668e+00 6.252615375875442139e-01 1.009015035761967605e+00
6.046046046046045674e+00 5.421785638352492054e-01 1.010540534715021366e+00
6.056056056056055681e+00 6.153365349042293486e-01 1.000842597888334851e+00
6.066066066066065687e+00 5.193557843865009849e-01 1.007190697012929181e+00
6.076076076076075694e+00 5.045461994615521029e-01 9.938506672496124628e-01
6.086086086086085700e+00 5.709398916555746828e-01 9.784575347125322731e-01
6.096096096096095707e+00 4.966425856561040852e-01 9.814247218559590813e-01
6.106106106106105713e+00 5.324101985905791423e-01 1.008556549771602251e+00
6.116116116116115720e+00 5.573694586634098114e-01 9.779791713027038424e-01
6.126126126126125726e+00 5.868704268997025908e-01 1.002448855851383991e+00
6.136136136136135732e+00 5.885543071124823555e-01 9.813695860151445682e-01
6.146146146146145739e+00 4.591434190341828758e-01 9.765962560802102788e-01
6.156156156156155745e+00 4.896116064007672852e-01 1.032303269867343554e+00
6.166166166166165752e+00 4.749358361704550946e-01 9.632302303938136134e-01
6.176176176176175758e+00 4.601339361072883660e-01 9.477054696804790845e-01
6.186186186186185765e+00 4.895838606220949685e-01 1.019282547113160797e+00
6.196196196196195771e+00 4.669220292558484697e-01 9.542396168835627357e-01
6.206206206206205778e+00 3.975657049871030302e-01 9.930617221481440327e-01
6.216216216216215784e+00 4.714011432632385090e-01 9.829085339176626412e-01
6.226226226226225791e+00 4.481788682504179167e-01 9.849591045782749577e-01
6.236236236236235797e+00 4.727579751976877520e-01 1.048144811319849934e+00
6.246246246246245803e+00 4.294330678412864311e-01 1.004569490077590554e+00
6.256256256256255810e+00 4.808848354038436357e-01 9.964126077610302445e-01
6.266266266266265816e+00 4.597956610000929478e-01 1.016632688729040446e+00
6.276276276276275823e+00 4.671746780882027883e-01 9.741101370288574035e-01
6.286286286286285829e+00 4.298830535113400964e-01 1.006245236304386781e+00
6.296296296296295836e+00 4.382784372192719546e-01 9.975415016474161733e-01
6.306306306306305842e+00 4.092859143903252450e-01 9.764776280327855940e-01
6.316316316316315849e+00 4.128945592256761388e-01 9.660635967267081625e-01
6.326326326326325855e+00 4.263652806643861148e-01 9.976557297612735908e-01
6.336336336336335862e+00 4.113843451758952274e-01 1.041762590269737609e+00
6.346346346346345868e+00 3.057735174097321318e-01 9.914165186534336094e-01
6.356356356356355874e+00 4.075257946568730527e-01 9.784238133902399825e-01
6.366366366366365881e+00 5.087626059543373103e-01 1.027677874438714500e+00
6.376376376376375887e+00 3.592404104833194500e-01 8.980068360956943163e-01
6.386386386386385894e+00 3.197934734343325092e-01 1.023580437111460073e+00
6.396396396396395900e+00 4.004394145453957776e-01 1.011133583645732470e+00
6.406406406406405907e+00 4.019019879785305505e-01 9.705304857243399752e-01
6.416416416416416801e+00 4.070711553672697880e-01 1.022647385169516143e+00
6.426426426426426808e+00 4.560142080382461049e-01 1.000707946717376062e+00
6.436436436436436814e+00 4.428682499436910058e-01 9.610584697060952086e-01
6.446446446446446821e+00 3.215846896805141242e-01 1.000165068857344464e+00
6.456456456456456827e+00 3.026947066462162272e-01 9.824872401129289834e-01
6.466466466466466834e+00 4.252743992633415959e-01 9.722722345075481831e-01
6.476476476476476840e+00 3.827004467378440911e-01 1.026815320127686615e+00
6.486486486486486847e+00 2.915476693080212289e-01 9.692674789112933897e-01
6.496496496496496853e+00 3.347863719826450479e-01 9.814669165648668425e-01
6.506506506506506859e+00 3.209324618109207772e-01 1.009471597090032091e+00
6.516516516516516866e+00 3.008905378876654546e-01 1.013120798909891151e+00
6.526526526526526872e+00 4.349693254800767184e-01 1.056928901260852927e+00
6.536536536536536879e+00 2.701314696778758240e-01 1.009215593165590397e+00
6.546546546546546885e+00 3.022975317131866291e-01 9.655006945916573269e-01
6.556556556556556892e+00 2.845634424612536462e-01 1.015010720107389686e+00
6.566566566566566898e+00 2.299818735770913780e-01 1.012726147610749861e+00
6.576576576576576905e+00 3.397948929376484739e-01 9.690834117385341839e-01
6.586586586586586911e+00 2.995441533543796164e-01 1.009900955545423695e+00
6.596596596596596918e+00 2.303322456121493778e-01 1.012684261074372261e+00
6.606606606606606924e+00 2.613467225565216379e-01 1.011287486807623814e+00
6.616616616616616930e+00 1.443903290508694870e-01 9.810947130384309878e-01
6.626626626626626937e+00 2.439109475409666772e-01 1.009157489156109033e+00
6.636636636636636943e+00 2.596040955180408116e-01 9.920119356248037201e-01
6.646646646646646950e+00 2.614758969152356505e-01 9.567976376261801974e-01
6.656656656656656956e+00 2.766692077384208526e-01 1.016276562882801882e+00
6.666666666666666963e+00 2.747781714716447943e-01 9.956274719430906472e-01
6.676676676676676969e+00 1.801507492919858233e-01 1.010583464135077936e+00
6.686686686686686976e+00 2.610376375247521197e-01 1.051961132019266110e+00
6.696696696696696982e+00 3.017552821317952549e-01 1.000089176588029316e+00
6.706706706706706989e+00 2.724452831980015977e-01 1.000923474268633040e+00
6.716716716716716995e+00 2.665559530250690701e-01 1.019221570308643798e+00
6.726726726726727001e+00 1.702064861999955936e-01 9.767304878850870953e-01
6.736736736736737008e+00 2.366046498785351615e-01 1.020563847311697137e+00
6.746746746746747014e+00 2.969388577356693593e-01 1.038865612624355395e+00
6.756756756756757021e+00 2.436623088150523808e-01 1.004871708063012292e+00
6.766766766766767027e+00 1.113463852574880647e-01 1.025186889575948612e+00
6.776776776776777034e+00 2.208608232767410584e-01 9.833759598092033372e-01
6.786786786786787040e+00 2.462984951576588366e-01 9.948308053056764688e-01
6.796796796796797047e+00 1.512868678623887631e-01 9.895440141994515937e-01
6.806806806806807053e+00 2.909038253090607262e-01 1.079776249044225755e+00
6.816816816816817060e+00 2.277282441457653128e-01 1.032170443521754688e+00
6.826826826826827066e+00 9.608481763167420198e-02 1.055637057578140192e+00
6.836836836836837072e+00 1.989431857898390221e-01 9.705294509017009519e-01
6.846846846846847079e+00 1.527924518153658817e-01 1.026814184188542312e+00
6.856856856856857085e+00 1.814332186570762617e-01 9.569609854973022411e-01
6.866866866866867092e+00 2.019364410956104583e-01 1.013934664415492515e+00
6.876876876876877098e+00 1.085289948616165040e-01 1.020606349128174939e+00
6.886886886886887105e+00 1.835838497403975977e-01 9.720188626473499349e-01
6.896896896896897111e+00 1.466208060923002710e-01 1.001623268494939767e+00
6.906906906906907118e+00 2.465021915357134275e-01 1.027568988983909914e+00
6.916916916916917124e+00 1.975263265514352606e-01 1.012510764462341006e+00
6.926926926926927131e+00 2.226127734786371160e-01 9.963864780936476651e-01
6.936936936936937137e+00 1.040516380957099002e-01 9.865349730889027002e-01
6.946946946946947143e+00 1.074938825795022923e-01 9.453643104279523257e-01
6.956956956956957150e+00 1.546230950115596581e-01 9.931499670273565838e-01
6.966966966966967156e+00 1.056019165582766650e-01 9.956989714328839947e-01
6.976976976976977163e+00 1.275665192522141000e-01 1.073361563498057558e+00
6.986986986986987169e+00 4.652433553526427734e-02 9.661276701287393465e-01
6.996996996996997176e+00 8.806767437119253361e-02 1.028884068331272328e+00
7.007007007007007182e+00 8.595272351426877511e-02 -2.002055452714622888e-02
7.017017017017017189e+00 2.023514768444328316e-01 -3.547276057779501050e-03
7.027027027027027195e+00 2.077103190694772616e-01 1.001788445237568499e-02
7.037037037037037202e+00 1.626716063285485736e-01 4.518939931713836233e-02
7.047047047047047208e+00 1.272596039977539617e-01 1.698104673303844209e-02
7.057057057057057214e+00 1.296239854772400502e-01 -7.466671743718228393e-02
7.067067067067067221e+00 2.013984663915656670e-01 -8.327069644661330705e-03
7.077077077077077227e+00 1.062445933666461145e-01 7.925387576533599390e-03
7.087087087087087234e+00 5.220606160883511926e-02 7.310724777891829118e-02
7.097097097097097240e+00 7.010533145253722287e-02 -1.698863878214553619e-02
7.107107107107107247e+00 1.125995163724007736e-01 3.938937425754714811e-02
7.117117117117117253e+00 7.680759347487818578e-02 4.133797728538673999e-02
7.127127127127127260e+00 9.727553151495693662e-02 -2.307497287650128390e-02
7.137137137137137266e+00 9.952577605094439783e-02 6.356906241597720664e-02
7.147147147147147273e+00 6.376776028389857798e-02 -7.362755816491096950e-02
7.157157157157157279e+00 9.948166580283923643e-02 3.874361463129972344e-02
7.167167167167167285e+00 4.379603109884918494e-02 -1.431358038127668493e-02
7.177177177177177292e+00 7.260493480595327231e-02 1.214660141619211889e-02
7.187187187187187298e+00 9.825042936037865771e-02 6.611821534669087147e-03
7.197197197197197305e+00 5.298994150734442909e-02 -4.658943919629849294e-03
7.207207207207207311e+00 1.330961572393694337e-01 2.987432565504421003e-02
7.217217217217217318e+00 1.962557704704290251e-01 -6.575261088222428274e-02
7.227227227227227324e+00 7.351916802215285873e-02 3.944994553306199747e-03
7.237237237237237331e+00 4.274636324279842969e-02 -1.831984070213174077e-03
7.247247247247247337e+00 6.154006419360635860e-02 3.892107570282848841e-03
7.257257257257257343e+00 1.716952973306863361e-01 -4.044532011623908768e-02
7.267267267267267350e+00 4.765724689703074168e-02 -2.343294056714449736e-02
7.277277277277277356e+00 -3.027137608156021953e-02 3.003406788384584136e-02
7.287287287287287363e+00 9.083362542530633299e-02 -1.951057949156434490e-02
7.297297297297297369e+00 8.715167596466311117e-02 2.001579599493276060e-02
7.307307307307307376e+00 4.955091725172366957e-02 -1.807206795249585371e-02
7.317317317317317382e+00 1.479451295679226619e-02 -7.049961006979372363e-03
7.327327327327327389e+00 4.819655834692349039e-03 -1.534180421286866422e-02
7.337337337337337395e+00 1.190961206965313324e-01 -1.810330144968329627e-02
7.347347347347347402e+00 6.205231790737453929e-02 2.935682364626384863e-03
7.357357357357357408e+00 4.718893256672269942e-02 -2.377288205071971181e-02
7.367367367367367414e+00 6.523623384568512373e-02 5.264631094672551914e-02
7.377377377377377421e+00 7.197573232466648874e-03 2.838930004999057691e-02
7.387387387387387427e+00 1.137200006177347122e-01 -8.777850018352136019e-03
7.397397397397397434e+00 -1.398437385538561784e-03 -1.177090604387136252e-02
7.407407407407407440e+00 6.315384851247593523e-02 -6.725856014137358840e-02
7.417417417417417447e+00 1.551645206053647169e-02 4.642377265576254353e-02
7.427427427427427453e+00 -1.260085671569160376e-02 1.555361010571872787e-02
7.437437437437437460e+00 2.523357871322062795e-02 3.615285810986920180e-03
7.447447447447447466e+00 1.199570810999810028e-01 2.273937287620055384e-02
7.457457457457457473e+00 9.096143980405492491e-02 -5.278324732813619719e-03
7.467467467467467479e+00 5.217447787513698754e-02 -1.706881209207391711e-02
7.477477477477477485e+00 -4.047362448357524206e-02 1.220724744784076887e-02
7.487487487487487492e+00 4.493478033106203945e-02 -5.364785077848842722e-05
7.497497497497497498e+00 4.982534931387817834e-03 2.059644911261037173e-02
7.507507507507507505e+00 6.777977936623053035e-02 1.066786692375448764e-02
7.517517517517517511e+00 1.072083882921976705e-01 -1.523342655595113192e-02
7.527527527527527518e+00 4.177499402028882203e-02 -3.039042115382595624e-02
7.537537537537537524e+00 8.762410264506509394e-02 1.230771817577631412e-02
7.547547547547547531e+00 5.712467959946142260e-02 -1.056835798055137492e-03
7.557557557557557537e+00 -4.845655258341040328e-03 -5.791648195776278457e-02
7.567567567567567544e+00 1.651072705940757890e-02 3.049498658264383766e-02
7.577577577577577550e+00 6.732068608935344589e-02 2.636629083157715492e-02
7.587587587587587556e+00 3.150252201093758919e-02 3.034053578369094034e-02
7.597597597597597563e+00 -7.208365266323131515e-02 8.952489043563053445e-03
7.607607607607607569e+00 7.278381748217536973e-03 3.520174423512390655e-02
7.617617617617617576e+00 -2.431055890978617989e-02 -9.137579756387502819e-03
7.627627627627627582e+00 -1.419402710484336805e-02 -5.584302453909058099e-03
7.637637637637637589e+00 1.040801562968525634e-01 -1.021231419653323251e-02
7.647647647647647595e+00 7.575144020329963035e-02 -3.730773321243843754e-02
7.657657657657657602e+00 -1.154690976088995277e-02 -5.977538282281347898e-02
7.667667667667667608e+00 1.440082082126388496e-02 3.040650490529338973e-02
7.677677677677677615e+00 5.713206847108894676e-02 -8.841206953854251552e-03
7.687687687687687621e+00 2.591359010435693305e-02 -1.054216801353406556e-02
7.697697697697697627e+00 1.002504236154849321e-01 9.346211063913008749e-06
7.707707707707707634e+00 -1.269576549789560097e-02 2.599846083591076870e-02
7.717717717717717640e+00 8.531867006096566231e-03 1.862158246745860418e-02
7.727727727727727647e+00 1.787433816201096717e-02 1.335501290293215557e-02
7.737737737737737653e+00 2.993943021844876901e-02 9.016321442504998673e-04
7.747747747747747660e+00 7.732749050720534589e-02 -4.744857136942301490e-02
7.757757757757757666e+00 2.464794590641871189e-02 4.447104578721210177e-03
7.767767767767767673e+00 -4.142303429206742327e-02 3.579378254363272532e-02
7.777777777777777679e+00 7.623558617153158856e-02 6.475382185991963163e-03
7.787787787787787686e+00 -5.169048496954194855e-02 -1.201833283311548421e-02
7.797797797797797692e+00 -3.384257519446046830e-02 -3.086505560819406691e-02
7.807807807807807698e+00 -6.608478998214989408e-02 -4.842220875142280202e-03
7.817817817817817705e+00 6.456494526682765578e-02 2.777922217689704140e-02
7.827827827827827711e+00 1.905181494593132657e-03 1.842998998031175964e-02
7.837837837837837718e+00 9.900308422808565267e-02 3.870067370583578619e-03
7.847847847847847724e+00 9.318074779537676572e-03 4.499062604920857182e-03
7.857857857857857731e+00 8.296398521269263832e-03 3.985049321473605605e-02
7.867867867867867737e+00 4.271823434251426077e-02 -5.720499518672277767e-02
7.877877877877877744e+00 1.004867983895261219e-01 1.323522788255871753e-02
7.887887887887887750e+00 -2.927916187710362037e-03 1.053429600017846864e-02
7.897897897897897757e+00 8.221509018634007293e-02 7.899652528044760758e-02
7.907907907907907763e+00 -5.680538477660529439e-02 2.684928807799715975e-02
7.917917917917917769e+00 1.773530928761559572e-02 5.739748114722297012e-02
7.927927927927927776e+00 2.664660486457851030e-02 5.027035961177416662e-02
7.937937937937937782e+00 -3.382684269142668260e-02 1.418537417741816929e-02
7.947947947947947789e+00 2.212649853770233543e-02 -4.364082550353690776e-02
7.957957957957957795e+00 9.328070443346526963e-03 -2.469676072328416683e-02
7.967967967967967802e+00 4.676774890459009515e-02 2.519937482008972884e-02
7.977977977977977808e+00 -1.320989695547417249e-02 -2.351027439680633893e-02
7.987987987987987815e+00 6.623783156636721403e-02 -4.420667371480903329e-02
7.997997997997997821e+00 3.485339381405424403e-02 1.683234593994064471e-02
8.008008008008008716e+00 8.439149621724352512e-02 -1.053604004195111575e-03
8.018018018018018722e+00 4.998079451144754604e-02 1.775576243002346954e-02
8.028028028028028729e+00 1.769474530642558413e-02 -1.124171284485808199e-02
8.038038038038038735e+00 -2.369328216868756692e-02 -3.008152032387378244e-02
8.048048048048048742e+00 1.722780241702664417e-01 1.087684145593991770e-02
8.058058058058058748e+00 5.606757952928306810e-02 -2.170884926254061306e-02
8.068068068068068754e+00 -4.615881589150708925e-02 -2.138497232729884984e-02
8.078078078078078761e+00 -4.539388070949579301e-02 3.906483190598075000e-02
8.088088088088088767e+00 4.280444364072642782e-02 -2.357084104579005093e-02
8.098098098098098774e+00 3.045358756075548790e-02 7.648223325653282119e-03
8.108108108108108780e+00 3.351705478052662696e-02 -2.283494056605688948e-03
8.118118118118118787e+00 4.444651196764901058e-02 3.438281434923689400e-02
8.128128128128128793e+00 -5.217175888342490825e-02 9.948333795440999702e-03
8.138138138138138800e+00 1.411856678733494630e-01 2.641104253857682466e-02
8.148148148148148806e+00 -1.289702337339861116e-02 6.242556857767498496e-02
8.158158158158158813e+00 5.748630311456023531e-03 -2.022127955141500479e-03
8.168168168168168819e+00 1.831743963610733827e-02 -4.457728805618056678e-02
8.178178178178178825e+00 3.931669611761354904e-02 2.398038505180063312e-02
8.188188188188188832e+00 2.192694035409891232e-02 1.273804529981826736e-02
8.198198198198198838e+00 -4.909375320084202743e-02 -5.439506628080211306e-03
8.208208208208208845e+00 2.552330427807366145e-03 -2.388769812953531538e-02
8.218218218218218851e+00 1.156871129305499235e-02 -1.966176953118024123e-02
8.228228228228228858e+00 3.647792342749388989e-02 -1.221359454308778604e-02
8.238238238238238864e+00 4.248969177795019342e-02 -4.390236743030662137e-02
8.248248248248248871e+00 8.913750915464160873e-05 -3.779556124345843926e-02
8.258258258258258877e+00 2.388805489846428098e-02 -1.659168084246179578e-02
8.268268268268268884e+00 7.960802609701542187e-02 -2.081870844408394497e-02
8.278278278278278890e+00 1.696034722510398121e-02 -4.619173827978854258e-02
8.288288288288288896e+00 7.160672033303665251e-02 1.789569435357783386e-02
8.298298298298298903e+00 9.483454008412894182e-03 2.825280618558334220e-03
8.308308308308308909e+00 -6.470219076578186124e-02 -1.629714879267744540e-02
8.318318318318318916e+00 1.829606926976051068e-02 -1.984967834468616757e-02
8.328328328328328922e+00 -2.917077692954829146e-02 2.234859287322316090e-02
8.338338338338338929e+00 5.623923621525789285e-02 5.818429965199287124e-02
8.348348348348348935e+00 -4.599367462412372320e-02 2.098665963263717307e-02
8.358358358358358942e+00 3.023254574025081853e-02 1.108836834813780800e-02
8.368368368368368948e+00 4.114700798354401640e-02 -4.903634745986554938e-02
8.378378378378378954e+00 9.097255210892090521e-03 2.199388606076831468e-02
8.388388388388388961e+00 2.497728042647940835e-02 -2.501349278473921373e-03
8.398398398398398967e+00 -2.214901082170189425e-02 4.760641918506970660e-02
8.408408408408408974e+00 2.406875354263339831e-02 3.362146912068956356e-02
8.418418418418418980e+00 1.233279095270213288e-01 -4.099410925066013234e-02
8.428428428428428987e+00 2.222106791357184377e-02 4.514097098463747126e-02
8.438438438438438993e+00 4.133520041559821806e-02 -1.365511864644059067e-03
8.448448448448449000e+00 5.866299593502943138e-03 2.284750706653363578e-02
8.458458458458459006e+00 7.759543691521381126e-02 -1.918140663181910899e-03
8.468468468468469013e+00 7.027603419068956248e-02 4.930122083105919345e-02
8.478478478478479019e+00 -3.977703718914621378e-02 2.859411179266701380e-02
8.488488488488489025e+00 1.384603538345068573e-02 4.069818825583653744e-03
8.498498498498499032e+00 3.664904345662213514e-02 8.158129619258847401e-03
8.508508508508509038e+00 -5.561149677452550955e-02 2.651478879132048230e-02
8.518518518518519045e+00 4.994898904704631049e-02 1.175439976923236748e-02
8.528528528528529051e+00 -5.961529141859491648e-02 -4.303916337400614384e-02
8.538538538538539058e+00 1.004340442008200707e-03 -3.620152953740388146e-02
8.548548548548549064e+00 -1.947377584995018535e-02 -3.303025745459402251e-02
8.558558558558559071e+00 -7.247541727404564239e-03 -1.422880443982480793e-02
8.568568568568569077e+00 1.099410177686700324e-01 5.576477289364391299e-02
8.578578578578579084e+00 7.091928873435823788e-02 -3.612102749252175254e-02
8.588588588588589090e+00 4.443876009848437419e-02 1.394374904830490876e-02
8.598598598598599096e+00 4.729408148078328988e-02 6.986514930999486797e-03
8.608608608608609103e+00 3.579303599392615661e-04 -4.170844350086332086e-02
8.618618618618619109e+00 -3.942274171011411754e-02 3.612425471444431074e-02
8.628628628628629116e+00 -6.232607477472799223e-02 -5.608298301467589536e-02
8.638638638638639122e+00 1.001955890310345099e-02 3.601385260177734915e-02
8.648648648648649129e+00 -5.299117549767450724e-02 -1.443991782929724202e-02
8.658658658658659135e+00 -5.062496046024451274e-02 -3.346853454491791752e-02
8.668668668668669142e+00 -7.110912688590906305e-02 -1.231142531730595319e-02
8.678678678678679148e+00 -5.314126649435909309e-03 3.105476757237788168e-02
8.688688688688689155e+00 1.845939429281269473e-02 3.480385847702559959e-02
8.698698698698699161e+00 3.621561781921668610e-02 3.131931551315838419e-02
8.708708708708709167e+00 5.949534934556025695e-02 1.354220101292187908e-02
8.718718718718719174e+00 -3.653850347045615315e-02 3.807423148357601261e-03
8.728728728728729180e+00 5.056950092032422295e-02 2.420444386136747644e-02
8.738738738738739187e+00 -5.147139556323523935e-03 -3.333217405409233391e-02
8.748748748748749193e+00 -4.741994962181544926e-02 -3.718987150923769303e-02
8.758758758758759200e+00 -4.078214887067004718e-02 -3.873368558875329992e-02
8.768768768768769206e+00 6.998314305531026791e-02 -1.002016500387912894e-02
8.778778778778779213e+00 2.216761145730095778e-02 3.705225468114542453e-02
8.788788788788789219e+00 6.379977678864182100e-02 2.477532202585030845e-04
8.798798798798799226e+00 1.257814387836682368e-01 -2.480380357970666041e-02
8.808808808808809232e+00 -5.074469508164129034e-02 -3.367706407327387356e-03
8.818818818818819238e+00 8.590247672468340201e-03 -3.011330679855269560e-02
8.828828828828829245e+00 -8.322709744270434529e-03 7.153730027383888197e-03
8.838838838838839251e+00 -1.157412562758707540e-02 7.699076574590045519e-02
8.848848848848849258e+00 1.222030707600211055e-02 -4.658777887969553153e-03
8.858858858858859264e+00 5.478466729323219070e-02 -3.242508192917764598e-02
8.868868868868869271e+00 1.032448881290860682e-01 -6.500346441849920442e-02
8.878878878878879277e+00 5.196624880285933418e-02 3.914029309695115505e-02
8.888888888888889284e+00 -9.488680113630307278e-02 -4.469102766113281291e-03
8.898898898898899290e+00 4.340382512433471618e-02 1.193774708897260648e-03
8.908908908908909297e+00 7.099381418906187957e-02 -2.120327782987415852e-02
8.918918918918919303e+00 -5.688716542219682260e-02 2.301337745749499480e-02
8.928928928928929309e+00 1.927124839979863294e-02 -1.882183629130121730e-02
8.938938938938939316e+00 4.038183694351805963e-02 3.713516326987764682e-02
8.948948948948949322e+00 6.521369963017646654e-02 -3.274897313012694461e-02
8.958958958958959329e+00 -3.177728164976287295e-02 6.453176146095783439e-02
8.968968968968969335e+00 -4.028136195506946265e-02 -1.582673256790175301e-02
8.978978978978979342e+00 6.354735689875443128e-02 2.179571796364923250e-02
8.988988988988989348e+00 -1.856465998974052636e-02 -1.876822012061113085e-02
8.998998998998999355e+00 -4.019034415563632612e-02 5.664533166837880385e-02
9.009009009009009361e+00 -1.763346592153816270e-02 -3.687249276596697017e-02
9.019019019019019368e+00 -6.206448438073704915e-02 3.016426891412195364e-03
9.029029029029029374e+00 -6.049335259458579056e-02 -4.803635966440197858e-02
9.039039039039039380e+00 3.476971321823813660e-02 -5.711728463706664677e-02
9.049049049049049387e+00 -5.664911596408342409e-02 1.638230618043115885e-02
9.059059059059059393e+00 2.287081551736618382e-02 2.895601029164656184e-02
9.069069069069069400e+00 8.874850321515873053e-02 -1.119098862980871280e-02
9.079079079079079406e+00 3.540460499857670668e-02 6.280285549350529510e-03
9.089089089089089413e+00 -2.502468383500438057e-02 2.168417560501035082e-02
9.099099099099099419e+00 1.213809329694392168e-02 -3.366566091916634029e-02
9.109109109109109426e+00 6.072553016487906158e-03 8.886206980374252926e-03
9.119119119119119432e+00 -1.196626602655426891e-02 -4.179512569016483742e-02
9.129129129129129439e+00 -1.577066253319138814e-02 -1.595108156235064412e-02
9.139139139139139445e+00 -2.394036891107855294e-02 -4.953126965802082809e-02
9.149149149149149451e+00 -5.978519180779464509e-02 -1.465549902631083437e-02
9.159159159159159458e+00 2.347189449300821421e-02 -1.812140801053127234e-02
9.169169169169169464e+00 -5.772703599168615973e-02 -5.171398860811483172e-02
9.179179179179179471e+00 -5.242106398546084872e-03 1.552468355962972196e-02
9.189189189189189477e+00 2.994015776784109475e-02 4.292377418999606536e-02
9.199199199199199484e+00 -6.198515563967291198e-02 1.696978538982185300e-02
9.209209209209209490e+00 1.547653660501219913e-02 2.629652884776094088e-02
9.219219219219219497e+00 -2.043266080252925318e-02 -4.824508659793631804e-02
9.229229229229229503e+00 6.393786964138317708e-02 -2.244446952753485769e-02
9.239239239239239510e+00 1.054907094750311310e-02 -2.993537709153873752e-02
9.249249249249249516e+00 5.587219225808620106e-03 4.986820973560152082e-02
9.259259259259259522e+00 -2.091791289701107337e-02 9.519814788186253818e-02
9.269269269269269529e+00 1.832324920685208039e-02 2.282132575665674068e-02
9.279279279279279535e+00 -2.673447907047468187e-03 3.949348236617881980e-02
9.289289289289289542e+00 -6.507835342187736488e-03 1.312270147888666867e-02
9.299299299299299548e+00 -6.131592938001724502e-02 3.216557788922770611e-02
9.309309309309309555e+00 5.819361691931837499e-02 -4.465937864095800847e-02
9.319319319319319561e+00 -3.771290393575900401e-02 -4.788801484277246945e-02
9.329329329329329568e+00 -5.296862379764597645e-02 -4.690868713452566070e-03
9.339339339339339574e+00 -1.241808710451618007e-04 -2.884825138126688449e-02
9.349349349349349581e+00 -4.876305596972730499e-02 6.598678361004961523e-02
9.359359359359359587e+00 -1.107896841808205662e-01 -1.737904154050538830e-02
9.369369369369369593e+00 -8.309477113541945820e-03 7.053183167843889156e-02
9.379379379379379600e+00 5.046956120495293269e-02 2.230158135769541583e-02
9.389389389389389606e+00 4.651400345443751361e-02 -3.588119046651148947e-02
9.399399399399399613e+00 7.579624885990371430e-02 1.337464514453081711e-02
9.409409409409409619e+00 -3.200385131890746276e-02 -8.005735847931575583e-03
9.419419419419419626e+00 9.378385357924343135e-02 -2.769960420570623943e-02
9.429429429429429632e+00 8.468895887937394340e-02 1.327561557333288567e-02
9.439439439439439639e+00 -3.409312816157487880e-02 2.274361734493546283e-02
9.449449449449449645e+00 1.333820748264160083e-01 3.669946107903510057e-02
9.459459459459459651e+00 -3.382316150021021095e-02 -4.884637645759314778e-02
9.469469469469469658e+00 -3.834065588362534777e-02 -2.282692732737059971e-02
9.479479479479479664e+00 -7.468327426412989245e-02 -3.619687259811513354e-03
9.489489489489489671e+00 7.488859003946195247e-02 -1.248836470668264476e-02
9.499499499499499677e+00 -2.532909452554473785e-03 5.024281153467490685e-03
9.509509509509509684e+00 1.795528577849253918e-02 -3.365670720723390463e-02
9.519519519519519690e+00 1.448171858158658377e-02 -6.124215611092408140e-03
9.529529529529529697e+00 -3.451113198883631883e-02 -3.963376611337141031e-02
9.539539539539539703e+00 -4.751751192972778620e-02 -5.261508726063865958e-03
9.549549549549549710e+00 -6.853709632794395545e-02 -5.537472959709362208e-03
9.559559559559559716e+00 4.464425252935012856e-02 8.507643119037561338e-04
9.569569569569569722e+00 -4.292108271884113521e-03 -9.497746835737199550e-03
9.579579579579579729e+00 -5.440516878050120908e-02 -5.261841160779923143e-02
9.589589589589589735e+00 7.633179959743921841e-03 7.522202654960180590e-02
9.599599599599599742e+00 5.585035111359528542e-02 -2.141596930827840625e-02
9.609609609609609748e+00 8.085860481112755807e-03 1.210293550328191657e-02
9.619619619619619755e+00 5.177257000826759187e-02 1.897952891169492340e-02
9.629629629629629761e+00 -3.585888838314266885e-02 -7.086034540352675881e-02
9.639639639639639768e+00 3.155872668185970981e-02 -2.282330707437611739e-02
9.649649649649649774e+00 -6.933831338792822985e-02 2.788369240568136509e-02
9.659659659659659781e+00 -2.613971279554667612e-02 1.628614521108848537e-02
9.669669669669669787e+00 -3.115385456644195056e-02 9.019942039259065810e-04
9.679679679679679793e+00 4.165547072890731124e-03 -3.549634414689269157e-02
9.689689689689689800e+00 -4.691360573302989084e-02 -3.076536501198919374e-02
9.699699699699699806e+00 7.213600441196992008e-02 2.819347215280116475e-02
9.709709709709709813e+00 -6.305175587072131549e-02 -3.444435038045574188e-02
9.719719719719719819e+00 2.366799971622175671e-03 3.771283793809774437e-02
9.729729729729729826e+00 -3.967492042693435833e-02 -2.028773261740981007e-02
9.739739739739739832e+00 1.895340008247273222e-02 6.507881327618463474e-04
9.749749749749749839e+00 -8.282833100406333804e-02 -1.691306035270516081e-02
9.759759759759759845e+00 -2.667884207652089501e-02 7.547824381527790984e-04
9.769769769769769852e+00 4.970457568717067537e-02 -5.266688363441660026e-02
9.779779779779779858e+00 2.538230485295971117e-02 -3.829903497220044778e-02
9.789789789789789864e+00 2.043150464582775896e-02 -4.453705252740496577e-03
9.799799799799799871e+00 -2.599474408663295967e-03 -2.682535269156083660e-02
9.809809809809809877e+00 -3.509209269151022936e-02 3.396574392776941908e-03
9.819819819819819884e+00 6.302288881125131526e-02 -3.567181415711075804e-02
9.829829829829829890e+00 -3.255071215798985024e-03 -4.892605077714532597e-02
9.839839839839839897e+00 1.312689928294560882e-02 1.774058151793436386e-02
9.849849849849849903e+00 2.680614929505180724e-02 3.458376151714357555e-02
9.859859859859859910e+00 3.747137593392484839e-02 -1.285559220662080542e-03
9.869869869869869916e+00 1.131806509800790395e-01 -2.520365820508044946e-02
9.879879879879879923e+00 1.420022914623842065e-02 -1.141840383285590461e-02
9.889889889889889929e+00 -5.812143799999664254e-03 -2.150711724292667451e-02
9.899899899899899935e+00 8.633547032781339892e-02 1.080792548468855613e-02
9.909909909909909942e+00 -6.433537345523113182e-02 -3.571669131870063713e-02
9.919919919919919948e+00 8.681190815798488225e-02 -2.260395179843238678e-02
9.929929929929929955e+00 3.904939958171634029e-02 -1.507865317727219087e-02
9.939939939939939961e+00 5.330024451444578815e-02 2.763754916118710964e-02
9.949949949949949968e+00 -6.506919501068407496e-02 -5.351340111786253434e-03
9.959959959959959974e+00 -5.681828954377875218e-02 -1.120931154821357047e-03
9.969969969969969981e+00 -6.828235130414840592e-02 -2.887136117557376810e-03
9.979979979979979987e+00 -2.941214109417884196e-03 1.119541026392691097e-02
9.989989989989989994e+00 -3.548764567229972106e-02 -1.950783391400943284e-02
1.000000000000000000e+01 5.464292780100032942e-02 2.721262281510608561e-02
